30.40625 52.72514619883041 3.28125 6.222222222222222 1 0 1 0 0 0
57.75 40.60818713450293 1.3125 2.6198830409356724 2 0 1 0 0 0
72.40625 42.900584795321635 1.09375 2.6198830409356724 2 0 0 0 0 0
74.375 54.03508771929825 2.625 4.912280701754386 2 0 1 0 0 0
62.78125 51.08771929824562 3.9375 7.859649122807017 1 0 1 0 0 0
66.9375 55.67251461988304 3.28125 6.87719298245614 1 0 1 0 0 0
90.125 45.19298245614035 3.28125 6.549707602339181 1 0 1 0 0 0
95.375 50.10526315789474 4.15625 8.514619883040936 1 0 1 0 0 0
94.71875 44.865497076023395 1.09375 2.2923976608187133 2 0 0 0 0 0
109.8125 46.50292397660819 1.75 2.9473684210526314 1 0 1 0 0 0
105.0 49.77777777777778 3.5 7.5321637426900585 1 0 1 0 0 0
123.8125 64.18713450292398 3.9375 6.87719298245614 1 0 1 0 0 0
131.03125 49.12280701754386 3.71875 8.514619883040936 1 0 1 0 0 0
124.03125 46.83040935672515 1.75 4.257309941520468 2 0 1 0 0 0
139.78125 45.19298245614035 1.53125 3.6023391812865495 2 0 1 0 0 0
144.375 45.52046783625731 1.53125 3.6023391812865495 2 0 0 0 0 0
150.0625 74.01169590643275 2.1875 3.2748538011695905 2 0 1 0 0 0
152.03125 67.46198830409357 1.96875 4.584795321637427 2 0 1 0 0 0
167.78125 57.30994152046784 4.375 10.47953216374269 1 0 1 0 0 0
176.53125 59.60233918128655 1.75 3.2748538011695905 2 0 0 0 0 0
185.0625 42.57309941520468 1.96875 4.257309941520468 2 0 1 0 0 0
190.09375 45.84795321637427 1.53125 2.6198830409356724 2 0 0 0 0 0
202.78125 67.13450292397661 5.46875 10.807017543859649 1 0 1 0 0 0
