28.875 28.309636650868878 19.6875 35.3870458135861 0 0 0 0 0 0
66.0625 21.939968404423382 17.9375 36.09478672985782 0 0 1 0 0 0
132.5625 20.524486571879937 17.5 40.34123222748815 0 0 1 0 0 0
154.4375 31.140600315955766 17.5 43.17219589257504 0 0 0 0 0 0
174.125 16.278041074249604 17.0625 37.510268562401265 0 0 0 0 0 0
185.5 43.879936808846765 18.375 40.34123222748815 0 0 0 0 0 0
203.0 75.02053712480253 17.5 33.97156398104266 0 0 0 0 0 0
167.125 72.89731437598736 17.9375 35.3870458135861 0 0 1 0 0 0
133.875 69.35860979462875 17.0625 34.679304897314374 0 0 1 0 0 0
35.4375 75.72827804107425 19.6875 38.92575039494471 0 0 0 0 0 0
50.75 48.834123222748815 16.1875 37.510268562401265 0 0 0 0 0 0
69.125 66.52764612954186 18.8125 41.04897314375987 0 0 0 0 0 0
87.5 53.08056872037915 18.375 38.92575039494471 0 0 0 0 0 0
101.0625 76.43601895734596 18.8125 37.510268562401265 0 0 0 0 0 0
115.0625 46.003159557661924 17.9375 38.92575039494471 0 0 0 0 0 0
38.5 113.94628751974723 21.4375 47.41864139020537 0 0 0 0 0 0
84.4375 108.99210110584518 20.5625 43.879936808846765 0 0 1 0 0 0
115.9375 112.5308056872038 19.25 42.464454976303315 0 0 0 0 0 0
147.4375 104.74565560821485 21.875 48.834123222748815 0 0 0 0 0 0
182.0 103.33017377567141 21.4375 41.04897314375987 0 0 0 0 0 0
