14.65625 106.45833333333333 1.96875 2.9166666666666665 2 0 0 0 0 0
19.90625 104.70833333333333 2.1875 3.2083333333333335 2 0 0 0 0 0
50.96875 107.33333333333333 3.0625 4.958333333333333 2 0 0 0 0 0
83.5625 113.16666666666667 1.96875 2.9166666666666665 2 0 0 0 0 0
100.1875 103.54166666666667 1.75 2.3333333333333335 2 0 0 0 0 0
79.1875 101.20833333333333 1.09375 1.75 2 0 0 0 0 0
90.34375 104.70833333333333 1.53125 3.2083333333333335 2 0 0 0 0 0
127.09375 104.70833333333333 1.96875 2.625 2 0 0 0 0 0
125.78125 102.66666666666667 1.53125 2.0416666666666665 2 0 0 0 0 0
133.0 120.16666666666667 2.84375 4.083333333333333 2 0 1 0 0 0
145.46875 105.0 3.28125 5.25 2 0 1 0 0 0
152.6875 111.41666666666667 2.84375 4.666666666666667 2 0 0 0 0 0
157.9375 105.58333333333333 1.96875 3.5 2 0 0 0 0 0
160.34375 105.875 1.53125 2.3333333333333335 2 0 0 0 0 0
166.25 108.20833333333333 2.40625 3.5 2 0 0 0 0 0
175.0 103.25 1.75 2.9166666666666665 2 0 0 0 0 0
153.5625 105.0 2.625 3.7916666666666665 2 0 0 0 0 0
188.78125 102.66666666666667 1.53125 2.0416666666666665 2 0 0 0 0 0
