132.78125 131.16144578313254 2.1875 3.508433734939759 2 0 0 0 0 0
121.84375 127.65301204819278 2.1875 2.968674698795181 2 0 0 0 0 0
114.84375 127.11325301204819 2.40625 2.968674698795181 2 0 0 0 0 0
104.34375 140.0674698795181 2.40625 3.778313253012048 2 0 0 0 0 0
109.375 132.78072289156626 2.40625 3.508433734939759 2 0 0 0 0 0
93.625 137.63855421686748 2.40625 3.23855421686747 2 0 0 0 0 0
87.28125 127.38313253012048 2.1875 3.23855421686747 2 0 0 0 0 0
82.25 122.79518072289157 1.96875 2.6987951807228914 2 0 0 0 0 0
58.40625 122.52530120481927 1.75 2.4289156626506023 2 0 0 0 0 0
27.78125 105.52289156626506 1.96875 2.6987951807228914 2 0 0 0 0 0
165.59375 115.50843373493976 1.75 2.968674698795181 2 0 0 0 0 0
137.375 97.1566265060241 1.3125 2.1590361445783133 0 0 0 0 0 0
64.96875 111.73012048192771 1.3125 1.889156626506024 2 0 0 0 0 0
103.46875 158.9590361445783 2.84375 3.508433734939759 2 0 0 0 0 0
134.3125 112.80963855421686 2.84375 5.127710843373494 2 0 0 0 0 0
189.4375 116.8578313253012 1.96875 3.508433734939759 2 0 0 0 0 0
66.9375 110.11084337349398 1.96875 2.4289156626506023 2 0 0 0 0 0
