21.65625 157.5 8.96875 21.77777777777778 1 0 0 0 0 0
30.84375 145.83333333333334 7.65625 17.88888888888889 1 0 0 0 0 0
63.875 139.22222222222223 12.46875 27.22222222222222 2 0 0 0 0 0
92.3125 135.33333333333334 10.71875 27.22222222222222 1 0 0 0 0 0
110.46875 152.05555555555554 13.34375 26.055555555555557 0 0 0 0 0 0
123.15625 161.38888888888889 10.71875 24.88888888888889 1 0 0 0 0 0
142.84375 142.33333333333334 8.3125 17.88888888888889 1 0 0 0 0 0
148.75 171.5 10.5 19.444444444444443 1 0 0 0 0 0
182.0 134.16666666666666 12.25 26.833333333333332 1 0 0 0 0 0
213.28125 145.05555555555554 10.5 24.11111111111111 1 0 0 0 0 0
