12.46875 62.125 5.6875 10.208333333333334 1 0 0 0 0 0
22.09375 69.41666666666667 5.25 9.916666666666666 1 0 0 0 0 0
34.78125 124.54166666666667 7.65625 12.833333333333334 0 0 0 0 0 0
33.46875 77.29166666666667 6.34375 10.791666666666666 0 0 0 0 0 0
40.46875 71.16666666666667 5.25 9.625 1 0 0 0 0 0
46.59375 79.625 6.125 10.5 1 0 0 0 0 0
55.5625 81.08333333333333 5.90625 9.916666666666666 1 0 0 0 0 0
101.71875 86.625 4.15625 7.291666666666667 1 0 0 0 0 0
111.5625 82.25 4.15625 6.416666666666667 1 0 0 0 0 0
121.625 97.125 3.9375 5.833333333333333 1 0 0 0 0 0
125.78125 99.16666666666667 3.0625 4.958333333333333 1 0 0 0 0 0
127.53125 86.625 3.28125 6.416666666666667 1 0 0 0 0 0
130.59375 81.95833333333333 2.625 5.25 1 0 0 0 0 0
171.71875 85.16666666666667 3.71875 6.416666666666667 1 0 0 0 0 0
181.125 93.04166666666667 2.84375 4.375 1 0 0 0 0 0
181.125 99.75 2.1875 4.375 1 0 0 0 0 0
185.71875 95.08333333333333 2.40625 3.5 1 0 0 0 0 0
187.90625 92.16666666666667 2.84375 4.375 1 0 0 0 0 0
191.40625 96.54166666666667 2.40625 4.083333333333333 1 0 0 0 0 0
149.1875 35.875 10.9375 16.041666666666668 0 0 0 0 0 0
196.65625 92.45833333333333 2.625 4.083333333333333 1 0 0 0 0 0
199.9375 93.91666666666667 2.625 3.7916666666666665 1 0 0 0 0 0
203.4375 92.16666666666667 2.40625 3.5 1 0 0 0 0 0
209.5625 92.75 1.75 3.2083333333333335 2 0 0 0 0 0
214.375 91.29166666666667 2.1875 3.7916666666666665 2 0 0 0 0 0
217.0 91.58333333333333 1.96875 3.2083333333333335 2 0 0 0 0 0
182.65625 31.791666666666668 1.75 3.5 2 0 0 0 0 0
209.5625 99.16666666666667 1.96875 3.5 1 0 0 0 0 0
