69.78125 36.50893796004206 44.1875 66.18717139852787 0 0 0 0 0 0
139.78125 90.68349106203996 35.875 48.992639327024186 0 0 0 0 0 0
74.375 15.781282860147213 5.03125 8.479495268138802 2 0 0 0 0 0
81.8125 16.487907465825447 6.125 10.363827549947423 1 0 0 0 0 0
107.40625 17.19453207150368 7.0 11.070452155625658 1 0 0 0 0 0
132.34375 24.260778128286013 8.75 11.541535226077812 1 0 0 0 0 0
147.875 23.78969505783386 11.375 14.368033648790746 1 0 0 0 0 0
163.625 24.96740273396425 6.5625 10.363827549947423 2 0 0 0 0 0
77.65625 12.954784437434279 5.25 6.124079915878023 2 0 0 0 0 0
115.9375 18.843322818086225 4.375 6.359621451104101 2 0 0 0 0 0
97.5625 18.60778128286015 5.25 6.830704521556257 0 0 0 0 0 0
132.34375 18.136698212407993 5.25 5.652996845425868 2 0 0 0 0 0
137.8125 14.132492113564668 4.375 4.239747634069401 2 0 0 0 0 0
154.21875 12.248159831756047 3.28125 3.768664563617245 2 0 0 0 0 0
172.59375 22.61198738170347 7.21875 11.305993690851736 2 0 0 0 0 0
181.5625 17.43007360672976 4.375 6.595162986330179 2 0 0 0 0 0
186.8125 20.25657202944269 3.71875 4.946372239747634 0 0 0 0 0 0
