77.4375 32.49740932642487 38.9375 37.865284974093264 0 0 0 0 0 0
30.40625 64.70466321243524 11.15625 8.849740932642487 1 0 0 0 0 0
48.34375 55.41968911917098 6.125 4.642487046632124 2 0 0 0 0 0
41.5625 57.015544041450774 7.875 5.512953367875648 2 0 0 0 0 0
52.5 47.73056994818653 5.90625 5.367875647668394 2 0 0 0 0 0
50.09375 44.10362694300518 3.5 2.901554404145078 2 0 0 0 0 0
22.3125 43.523316062176164 4.8125 4.352331606217617 2 0 0 0 0 0
26.25 37.4300518134715 3.9375 3.626943005181347 2 0 0 0 0 0
13.125 32.64248704663213 3.5 3.0466321243523318 2 0 0 0 0 0
31.71875 25.098445595854923 4.15625 3.3367875647668392 2 0 0 0 0 0
169.09375 38.590673575129536 3.28125 3.481865284974093 2 0 0 0 0 0
155.96875 41.637305699481864 5.03125 4.4974093264248705 2 0 0 0 0 0
145.46875 49.90673575129534 5.25 5.367875647668394 2 0 0 0 0 0
178.9375 48.16580310880829 7.0 6.963730569948186 1 0 0 0 0 0
152.03125 65.139896373057 10.0625 9.430051813471502 1 0 0 0 0 0
172.8125 58.17616580310881 8.53125 8.414507772020725 2 0 0 0 0 0
199.28125 57.8860103626943 9.1875 8.26943005181347 1 0 0 0 0 0
200.8125 83.85492227979275 16.40625 13.927461139896373 1 0 0 0 0 0
174.34375 123.17098445595855 26.6875 22.196891191709845 0 0 0 0 0 0
