21.875 46.60598179453836 8.96875 16.894668400520157 1 0 0 0 0 0
50.53125 51.84915474642393 7.65625 13.399219765929779 1 0 0 0 0 0
73.71875 50.10143042912874 7.875 14.564369310793237 1 0 0 0 0 0
96.03125 47.18855656697009 7.0 13.107932379713914 1 0 0 0 0 0
116.59375 44.275682704811445 6.34375 15.146944083224968 1 0 0 0 0 0
134.75 49.22756827048114 7.875 11.942782834850455 1 0 0 0 0 0
158.59375 49.81014304291288 6.78125 14.564369310793237 2 0 0 0 0 0
182.4375 58.54876462938881 6.125 13.107932379713914 1 0 0 0 0 0
169.96875 90.00780234070221 7.4375 14.273081924577372 1 0 0 0 0 0
143.0625 88.55136540962289 7.875 14.273081924577372 1 0 0 0 0 0
117.90625 85.05591677503251 8.09375 16.020806241872563 1 0 0 0 0 0
88.375 85.05591677503251 8.3125 15.729518855656696 1 0 0 0 0 0
62.5625 87.09492847854357 8.3125 15.438231469440833 1 0 0 0 0 0
37.625 91.7555266579974 7.875 13.981794538361509 1 0 0 0 0 0
