20.34375 60.03809523809524 9.40625 15.847619047619048 0 0 0 0 0 0
41.34375 49.371428571428574 10.0625 17.98095238095238 0 0 0 0 0 0
66.5 51.2 9.625 19.80952380952381 0 0 0 0 0 0
60.59375 51.80952380952381 2.84375 4.266666666666667 1 0 0 0 0 0
30.1875 58.20952380952381 3.71875 5.485714285714286 1 0 0 0 0 0
56.4375 31.695238095238096 2.625 4.876190476190477 2 0 0 0 0 0
70.0 35.04761904761905 2.625 4.876190476190477 2 0 0 0 0 0
112.875 33.82857142857143 2.625 4.266666666666667 1 0 0 0 0 0
94.71875 40.838095238095235 9.1875 17.37142857142857 1 0 0 0 0 0
124.6875 33.523809523809526 2.1875 4.571428571428571 1 0 0 0 0 0
123.59375 41.44761904761905 2.84375 4.876190476190477 1 0 0 0 0 0
135.40625 52.114285714285714 2.84375 5.180952380952381 1 0 0 0 0 0
119.4375 57.6 8.96875 16.457142857142856 0 0 0 0 0 0
140.65625 60.647619047619045 8.09375 14.019047619047619 0 0 0 0 0 0
165.8125 54.857142857142854 10.28125 17.676190476190477 0 0 0 0 0 0
179.375 57.6 8.3125 16.152380952380952 0 0 0 0 0 0
197.3125 64.0 9.40625 14.019047619047619 0 0 0 0 0 0
148.96875 46.01904761904762 1.96875 4.571428571428571 2 0 0 0 0 0
