45.9375 101.5 3.28125 5.541666666666667 2 0 0 0 0 0
117.46875 111.41666666666667 0.875 0.875 2 0 0 0 0 0
126.65625 111.41666666666667 1.3125 1.4583333333333333 2 0 0 0 0 0
147.4375 110.25 1.53125 2.3333333333333335 2 0 0 0 0 0
152.6875 108.20833333333333 1.09375 2.625 2 0 0 0 0 0
150.71875 108.79166666666667 1.53125 2.3333333333333335 2 0 0 0 0 0
184.625 109.95833333333333 1.3125 2.3333333333333335 2 0 0 0 0 0
159.25 107.91666666666667 1.09375 1.4583333333333333 2 0 0 0 0 0
167.34375 108.79166666666667 1.3125 1.4583333333333333 2 0 0 0 0 0
131.03125 110.83333333333333 0.875 1.1666666666666667 2 0 0 0 0 0
54.03125 109.66666666666667 0.875 1.4583333333333333 2 0 0 0 0 0
134.3125 111.70833333333333 0.4375 0.875 2 0 0 0 0 0
164.9375 107.91666666666667 1.3125 2.9166666666666665 2 0 0 0 0 0
43.53125 101.5 1.75 4.083333333333333 2 0 0 0 0 0
