170.84375 102.66666666666667 15.09375 21.875 0 0 0 0 0 0
161.65625 94.5 7.4375 14.0 1 0 0 0 0 0
150.9375 84.29166666666667 9.1875 14.291666666666666 1 0 0 0 0 0
134.53125 81.66666666666667 7.65625 11.083333333333334 1 0 1 0 0 0
206.0625 96.54166666666667 17.9375 32.083333333333336 0 0 1 0 0 0
76.125 79.04166666666667 5.25 9.041666666666666 1 0 0 0 0 0
67.8125 79.625 6.78125 11.083333333333334 1 0 0 0 0 0
56.875 76.41666666666667 7.65625 12.833333333333334 1 0 0 0 0 0
46.15625 90.125 7.65625 12.833333333333334 1 0 0 0 0 0
19.6875 90.125 14.65625 22.166666666666668 0 0 0 0 0 0
