144.59375 99.66519823788546 3.9375 7.894273127753304 1 0 0 0 0 0
157.0625 99.66519823788546 4.15625 7.236417033773862 1 0 0 0 0 0
166.90625 98.02055800293685 3.71875 7.565345080763583 1 0 0 0 0 0
176.3125 100.98091042584434 3.5 6.249632892804699 1 0 0 0 0 0
178.28125 76.96916299559471 3.5 7.894273127753304 1 0 0 0 0 0
151.8125 74.33773861967694 3.9375 7.236417033773862 1 0 0 0 0 0
140.875 73.35095447870778 3.5 7.894273127753304 0 0 0 0 0 0
129.28125 74.00881057268722 3.9375 6.57856093979442 1 0 0 0 0 0
186.8125 96.70484581497797 3.9375 8.223201174743025 1 0 0 0 0 0
169.53125 127.29515418502203 4.15625 8.223201174743025 1 0 0 0 0 0
180.6875 140.7812041116006 3.71875 8.223201174743025 1 0 0 0 0 0
157.9375 134.86049926578562 3.9375 7.565345080763583 1 0 0 0 0 0
147.4375 142.09691629955947 4.15625 6.249632892804699 1 0 0 0 0 0
134.96875 138.47870778267253 3.9375 7.894273127753304 1 0 0 0 0 0
118.125 137.8208516886931 3.9375 7.894273127753304 1 0 0 0 0 0
164.71875 70.06167400881057 3.9375 7.236417033773862 1 0 0 0 0 0
39.15625 97.03377386196769 3.5 5.920704845814978 1 0 0 0 0 0
50.75 98.6784140969163 3.71875 6.907488986784141 1 0 1 0 0 0
59.0625 96.04698972099852 3.5 6.57856093979442 1 0 0 0 0 0
66.9375 99.99412628487518 3.28125 6.249632892804699 1 0 0 0 0 0
76.125 99.33627019089575 3.71875 7.565345080763583 1 0 0 0 0 0
84.21875 98.34948604992658 3.28125 6.907488986784141 1 0 0 0 0 0
91.21875 98.6784140969163 3.28125 6.57856093979442 1 0 0 0 0 0
100.40625 95.71806167400881 3.9375 6.249632892804699 1 0 0 0 0 0
42.875 131.24229074889868 4.375 7.894273127753304 1 0 0 0 0 0
57.09375 135.84728340675477 4.15625 8.223201174743025 1 0 0 0 0 0
72.84375 135.51835535976505 3.9375 8.552129221732747 1 0 0 0 0 0
90.78125 135.51835535976505 3.9375 7.894273127753304 1 0 0 0 0 0
102.375 126.30837004405286 3.5 7.565345080763583 1 0 0 0 0 0
19.46875 78.61380323054333 3.9375 5.920704845814978 1 0 0 0 0 0
28.875 81.24522760646109 3.28125 5.920704845814978 1 0 0 0 0 0
37.84375 78.94273127753304 3.28125 4.933920704845815 1 0 0 0 0 0
46.375 76.96916299559471 3.0625 6.907488986784141 1 0 0 0 0 0
57.3125 69.73274596182085 4.15625 8.552129221732747 0 0 0 0 0 0
70.21875 72.36417033773861 3.5 6.907488986784141 1 0 0 0 0 0
80.5 73.67988252569751 3.71875 6.57856093979442 1 0 0 0 0 0
93.84375 75.65345080763583 3.28125 5.920704845814978 1 0 0 0 0 0
108.71875 78.2848751835536 3.5 6.249632892804699 1 0 0 0 0 0
117.25 73.02202643171806 3.9375 7.565345080763583 1 0 0 0 0 0
124.46875 98.02055800293685 3.9375 7.894273127753304 1 0 0 0 0 0
135.1875 101.30983847283407 3.28125 6.249632892804699 1 0 0 0 0 0
206.0625 108.87518355359765 4.15625 5.591776798825257 1 0 0 0 0 0
198.40625 132.55800293685758 4.15625 7.894273127753304 1 0 0 0 0 0
187.90625 130.91336270190897 3.9375 7.894273127753304 1 0 0 0 0 0
26.90625 140.7812041116006 4.59375 7.565345080763583 1 0 0 0 0 0
112.875 99.00734214390602 3.9375 6.249632892804699 1 0 0 0 0 0
