93.625 117.46875 3.5 8.53125 1 0 0 0 0 0
113.75 115.0625 3.9375 7.875 1 0 0 0 0 0
105.65625 112.65625 5.6875 7.875 1 0 0 0 0 0
138.25 116.15625 4.59375 8.09375 1 0 0 0 0 0
155.09375 117.03125 5.25 8.3125 1 0 0 0 0 0
165.15625 119.0 6.125 8.96875 1 0 0 0 0 0
183.3125 113.75 3.71875 7.65625 1 0 0 0 0 0
208.25 109.59375 5.03125 10.28125 1 0 0 0 0 0
65.1875 121.84375 4.8125 7.0 1 0 0 0 0 0
49.21875 122.71875 5.90625 7.21875 1 0 0 0 0 0
36.75 117.25 4.8125 7.875 1 0 0 0 0 0
10.28125 116.375 5.46875 8.75 1 0 0 0 0 0
