168.4375 110.43575418994413 1.53125 2.815642458100559 2 0 0 0 0 0
211.09375 113.87709497206704 1.3125 3.441340782122905 2 0 0 0 0 0
178.0625 113.25139664804469 1.75 2.5027932960893855 2 0 0 0 0 0
121.1875 96.98324022346368 4.375 7.5083798882681565 2 0 0 0 0 0
119.0 63.19553072625698 1.75 2.5027932960893855 2 0 0 0 0 0
14.875 96.98324022346368 4.59375 6.569832402234637 1 0 0 0 0 0
29.09375 99.48603351955308 3.71875 5.944134078212291 2 0 0 0 0 0
45.9375 93.85474860335195 4.15625 6.88268156424581 0 0 0 0 0 0
60.8125 97.92178770949721 4.15625 8.134078212290502 2 0 0 0 0 0
58.625 87.28491620111731 1.09375 2.5027932960893855 2 0 0 0 0 0
156.40625 61.63128491620112 1.53125 2.815642458100559 2 0 0 0 0 0
175.0 61.63128491620112 1.75 2.5027932960893855 2 0 0 0 0 0
171.28125 61.00558659217877 1.53125 2.815642458100559 2 0 0 0 0 0
187.46875 114.50279329608938 1.75 4.067039106145251 2 0 0 0 0 0
193.15625 61.00558659217877 1.75 2.815642458100559 2 0 0 0 0 0
215.46875 63.19553072625698 1.3125 2.815642458100559 2 0 0 0 0 0
