65.625 71.45833333333333 1.96875 4.375 2 0 0 0 0 0
22.53125 67.08333333333333 1.75 4.083333333333333 2 0 0 0 0 0
25.375 70.875 2.84375 4.958333333333333 2 0 0 0 0 0
18.15625 67.375 2.40625 3.7916666666666665 2 0 0 0 0 0
215.25 67.08333333333333 2.1875 3.7916666666666665 2 0 0 0 0 0
36.53125 76.70833333333333 9.1875 8.458333333333334 1 0 0 0 0 0
66.71875 65.91666666666667 3.28125 8.166666666666666 1 0 0 0 0 0
70.65625 68.25 2.84375 6.125 1 0 0 0 0 0
110.25 66.20833333333333 3.9375 7.291666666666667 2 0 0 0 0 0
126.4375 72.33333333333333 6.125 14.583333333333334 1 0 0 0 0 0
134.96875 66.79166666666667 4.8125 7.0 1 0 0 0 0 0
130.15625 60.666666666666664 3.28125 5.833333333333333 2 0 0 0 0 0
166.6875 79.33333333333333 7.21875 12.833333333333334 1 0 0 0 0 0
180.90625 68.83333333333333 4.8125 7.875 2 0 0 0 0 0
190.09375 67.375 4.15625 7.583333333333333 2 0 0 0 0 0
175.21875 65.91666666666667 2.625 4.666666666666667 2 0 0 0 0 0
164.9375 74.95833333333333 2.84375 5.541666666666667 2 0 0 0 0 0
