173.90625 165.9502196193265 2.625 4.919472913616398 2 0 0 0 0 0
166.46875 172.5095168374817 3.71875 5.903367496339678 1 0 0 0 0 0
184.1875 193.17130307467056 5.25 14.102489019033674 1 0 0 0 0 0
206.71875 183.33235724743778 4.59375 11.478770131771595 1 0 0 0 0 0
210.21875 185.6281112737921 4.8125 12.790629575402635 1 0 0 0 0 0
118.78125 164.3103953147877 1.75 3.279648609077599 2 0 0 0 0 0
125.125 162.99853587115666 1.3125 2.2957540263543192 2 0 0 0 0 0
198.40625 182.02049780380673 3.28125 7.215226939970718 1 0 0 0 0 0
101.0625 164.96632503660322 1.53125 2.951683748169839 2 0 0 0 0 0
50.09375 167.91800878477306 1.96875 3.607613469985359 2 0 0 0 0 0
66.5 163.65446559297217 2.40625 3.9355783308931187 2 0 0 0 0 0
18.8125 171.52562225475842 1.96875 3.9355783308931187 2 0 0 0 0 0
