16.625 121.625 4.375 6.708333333333333 1 0 0 0 0 0
21.21875 153.125 5.03125 7.583333333333333 1 0 0 0 0 0
49.0 113.16666666666667 3.9375 6.125 1 0 0 0 0 0
47.25 142.04166666666666 4.15625 6.416666666666667 1 0 0 0 0 0
74.8125 107.33333333333333 3.28125 5.833333333333333 1 0 0 0 0 0
59.28125 171.79166666666666 5.25 8.458333333333334 1 0 0 0 0 0
101.0625 149.91666666666666 4.8125 7.875 1 0 0 0 0 0
96.25 144.375 3.9375 6.708333333333333 1 0 0 0 0 0
117.90625 81.08333333333333 3.9375 6.125 1 0 0 0 0 0
133.0 76.125 3.71875 6.416666666666667 1 0 0 0 0 0
151.8125 116.66666666666667 3.71875 6.708333333333333 1 0 0 0 0 0
147.0 144.375 4.375 7.0 1 0 0 0 0 0
162.53125 97.70833333333333 3.9375 7.875 1 0 0 0 0 0
193.59375 117.83333333333333 4.375 6.125 1 0 0 0 0 0
185.71875 146.41666666666666 4.59375 7.875 1 0 0 0 0 0
