28.0 27.179916317991633 2.84375 4.686192468619247 2 0 0 0 0 0
14.21875 34.67782426778243 3.28125 5.311018131101813 2 0 0 0 0 0
40.25 27.179916317991633 3.0625 4.99860529986053 2 0 0 0 0 0
58.40625 21.86889818688982 2.84375 4.373779637377964 2 0 0 0 0 0
53.59375 16.557880055788004 1.53125 4.0613668061366806 2 0 0 0 0 0
50.09375 25.305439330543933 2.1875 4.99860529986053 2 0 0 0 0 0
40.03125 17.495118549511854 2.40625 4.0613668061366806 2 0 0 0 0 0
29.09375 17.182705718270572 2.625 4.686192468619247 2 0 0 0 0 0
65.625 18.744769874476987 2.625 4.99860529986053 2 0 0 0 0 0
100.84375 39.676429567642955 3.0625 6.873082287308229 2 0 0 0 0 0
109.15625 46.549511854951184 3.0625 5.623430962343096 2 0 0 0 0 0
100.84375 15.93305439330544 2.1875 6.560669456066946 2 0 0 0 0 0
96.03125 21.86889818688982 3.5 6.248256624825663 2 0 0 0 0 0
126.875 15.93305439330544 2.625 4.686192468619247 2 0 0 0 0 0
136.71875 19.682008368200837 2.1875 5.93584379358438 2 0 0 0 0 0
132.34375 30.616457461645748 3.0625 5.93584379358438 2 0 0 0 0 0
140.0 40.30125523012552 2.625 6.873082287308229 2 0 0 0 0 0
166.03125 34.67782426778243 2.625 4.373779637377964 2 0 0 0 0 0
147.4375 21.556485355648537 1.53125 6.248256624825663 0 0 0 0 0 0
24.5 69.66806136680614 3.28125 7.185495118549512 1 0 0 0 0 0
45.71875 57.483960948396096 6.5625 11.87168758716876 1 0 0 0 0 0
67.59375 52.79776847977685 7.65625 14.05857740585774 1 0 0 0 0 0
90.5625 61.85774058577406 7.4375 14.370990237099024 1 0 0 0 0 0
113.75 59.67085076708508 7.21875 14.05857740585774 1 0 0 0 0 0
128.625 52.79776847977685 8.3125 13.746164574616458 1 0 0 0 0 0
150.5 63.41980474198047 6.5625 13.121338912133892 1 0 0 0 0 0
170.625 59.358437935843796 7.875 13.121338912133892 1 0 0 0 0 0
210.21875 55.609483960948396 6.125 10.622036262203626 2 0 0 0 0 0
118.34375 21.24407252440725 2.40625 5.311018131101813 2 0 0 0 0 0
187.46875 22.80613668061367 2.40625 6.248256624825663 0 0 0 0 0 0
200.8125 44.98744769874477 1.96875 4.686192468619247 0 0 0 0 0 0
70.65625 24.680613668061365 2.40625 4.686192468619247 2 0 0 0 0 0
64.3125 29.99163179916318 2.84375 4.373779637377964 2 0 0 0 0 0
77.21875 27.804741980474198 3.0625 4.99860529986053 0 0 0 0 0 0
77.65625 45.92468619246862 3.28125 6.873082287308229 2 0 0 0 0 0
84.65625 28.741980474198048 2.625 7.185495118549512 2 0 0 0 0 0
117.6875 30.616457461645748 2.625 5.311018131101813 2 0 0 0 0 0
98.0 32.80334728033473 2.84375 5.93584379358438 0 0 0 0 0 0
