38.71875 137.67007299270074 3.71875 6.54014598540146 2 0 0 0 0 0
46.375 139.3051094890511 4.15625 6.867153284671533 2 0 0 0 0 0
59.9375 133.74598540145985 4.8125 6.867153284671533 2 0 0 0 0 0
78.96875 142.57518248175182 2.84375 5.886131386861313 2 0 0 0 0 0
82.90625 142.24817518248176 3.5 5.559124087591241 0 0 0 0 0 0
98.0 132.43795620437956 3.0625 4.905109489051095 2 0 0 0 0 0
110.46875 144.86423357664233 3.28125 5.559124087591241 2 0 0 0 0 0
99.75 144.53722627737227 2.40625 4.905109489051095 0 0 0 0 0 0
107.625 144.21021897810218 2.40625 3.924087591240876 2 0 0 0 0 0
114.40625 143.55620437956205 2.1875 4.251094890510949 2 0 0 0 0 0
136.28125 145.5182481751825 2.625 5.232116788321168 2 0 0 0 0 0
140.875 142.24817518248176 3.0625 6.213138686131387 2 0 0 0 0 0
146.5625 144.21021897810218 3.71875 7.194160583941605 2 0 0 0 0 0
161.65625 143.8832116788321 4.375 8.829197080291971 2 0 0 0 0 0
