57.96875 44.265251989389924 2.84375 4.456233421750663 0 0 0 0 0 0
67.15625 43.6710875331565 1.96875 3.2679045092838197 2 0 0 0 0 0
69.34375 43.96816976127321 2.625 5.644562334217507 2 0 0 0 0 0
77.0 44.265251989389924 2.625 4.753315649867374 2 0 0 0 0 0
82.90625 44.56233421750663 2.1875 4.159151193633952 2 0 0 0 0 0
85.75 43.37400530503979 2.40625 4.159151193633952 2 0 0 0 0 0
90.34375 46.04774535809018 2.84375 5.347480106100796 2 0 0 0 0 0
101.0625 43.6710875331565 2.40625 4.753315649867374 2 0 0 0 0 0
141.09375 49.01856763925729 2.1875 4.159151193633952 0 0 0 0 0 0
143.0625 50.206896551724135 2.40625 4.456233421750663 2 0 0 0 0 0
218.09375 55.257294429708224 3.9375 9.209549071618037 2 0 0 0 0 0
