26.90625 35.583333333333336 7.0 11.666666666666666 2 0 0 0 0 0
34.78125 21.583333333333332 6.5625 11.666666666666666 2 0 0 0 0 0
72.40625 33.833333333333336 6.34375 12.541666666666666 2 0 0 0 0 0
25.375 18.666666666666668 5.6875 9.916666666666666 2 0 0 0 0 0
27.125 77.29166666666667 6.34375 11.666666666666666 2 0 0 0 0 0
47.03125 176.16666666666666 7.65625 11.083333333333334 2 0 0 0 0 0
64.53125 166.83333333333334 7.65625 14.0 2 0 0 0 0 0
11.8125 145.83333333333334 6.5625 12.833333333333334 2 0 0 0 0 0
21.0 90.41666666666667 6.78125 14.875 2 0 0 0 0 0
48.125 105.875 7.21875 13.125 2 0 0 0 0 0
60.15625 92.75 7.21875 11.083333333333334 2 0 0 0 0 0
39.375 93.625 6.78125 12.541666666666666 2 0 0 0 0 0
36.3125 171.5 5.90625 12.541666666666666 2 0 0 0 0 0
67.15625 81.66666666666667 6.5625 11.666666666666666 2 0 0 0 0 0
159.03125 76.125 7.0 13.416666666666666 2 0 0 0 0 0
204.3125 78.45833333333333 7.0 10.5 2 0 0 0 0 0
181.5625 59.5 7.4375 10.5 2 0 0 0 0 0
172.59375 61.25 7.0 10.791666666666666 2 0 0 0 0 0
166.03125 53.958333333333336 6.5625 9.333333333333334 2 0 0 0 0 0
151.15625 66.79166666666667 6.5625 11.083333333333334 2 0 0 0 0 0
207.8125 19.541666666666668 7.21875 12.833333333333334 2 0 0 0 0 0
185.9375 80.79166666666667 6.34375 11.375 2 0 0 0 0 0
214.15625 52.208333333333336 6.5625 9.625 2 0 0 0 0 0
167.34375 90.41666666666667 7.4375 11.666666666666666 2 0 0 0 0 0
190.75 135.04166666666666 8.3125 14.0 2 0 0 0 0 0
206.9375 110.25 7.21875 11.666666666666666 2 0 0 0 0 0
166.03125 109.66666666666667 7.65625 13.416666666666666 2 0 0 0 0 0
164.9375 145.83333333333334 8.53125 13.125 2 0 0 0 0 0
170.40625 177.33333333333334 8.53125 14.875 2 0 0 0 0 0
