68.03125 74.34757834757835 2.1875 4.467236467236467 2 0 0 0 0 0
99.75 94.13105413105413 5.03125 8.934472934472934 2 0 0 0 0 0
109.15625 98.27920227920228 5.03125 8.615384615384615 2 0 0 0 0 0
132.5625 92.85470085470085 6.125 12.444444444444445 1 0 0 0 0 0
80.71875 91.57834757834758 3.0625 5.743589743589744 2 0 0 0 0 0
74.375 74.98575498575498 1.75 3.50997150997151 2 0 0 0 0 0
109.375 70.51851851851852 2.1875 4.148148148148148 2 0 0 0 0 0
187.03125 105.93732193732194 7.4375 14.678062678062679 1 0 0 0 0 0
203.875 70.1994301994302 1.75 3.8290598290598292 2 0 0 0 0 0
20.5625 88.70655270655271 3.28125 5.743589743589744 2 0 0 0 0 0
39.59375 91.57834757834758 3.0625 5.743589743589744 2 0 0 0 0 0
27.125 80.09116809116809 1.96875 4.467236467236467 2 0 0 0 0 0
19.90625 82.96296296296296 2.1875 4.467236467236467 2 0 0 0 0 0
53.15625 75.94301994301995 2.625 5.743589743589744 2 0 0 0 0 0
71.75 82.64387464387464 2.40625 4.467236467236467 2 0 0 0 0 0
