15.53125 64.36781609195403 6.78125 13.241379310344827 1 0 0 0 0 0
27.78125 68.04597701149426 7.21875 12.873563218390805 2 0 0 0 0 0
37.625 98.57471264367815 6.78125 17.28735632183908 1 0 0 0 0 0
59.5 65.47126436781609 6.5625 13.977011494252874 1 0 0 0 0 0
87.71875 70.98850574712644 5.46875 13.241379310344827 1 0 0 0 0 0
83.125 114.39080459770115 5.46875 15.816091954022989 1 0 0 0 0 0
115.9375 74.66666666666667 5.46875 14.71264367816092 1 0 0 0 0 0
100.84375 68.04597701149426 5.46875 11.770114942528735 1 0 0 0 0 0
110.6875 118.4367816091954 6.125 15.448275862068966 1 0 0 0 0 0
128.625 72.0919540229885 5.46875 12.505747126436782 2 0 0 0 0 0
143.0625 87.17241379310344 5.90625 12.873563218390805 1 0 0 0 0 0
154.4375 78.71264367816092 5.46875 11.03448275862069 1 0 0 0 0 0
140.875 122.85057471264368 6.125 13.977011494252874 2 0 0 0 0 0
169.75 75.03448275862068 5.6875 10.666666666666666 2 0 0 0 0 0
165.15625 115.1264367816092 6.125 16.551724137931036 1 0 0 0 0 0
185.9375 76.50574712643679 5.6875 13.241379310344827 1 0 0 0 0 0
196.21875 119.17241379310344 6.5625 15.448275862068966 1 0 0 0 0 0
203.65625 100.41379310344827 6.125 13.60919540229885 2 0 0 0 0 0
