19.46875 45.97701149425287 8.3125 13.241379310344827 2 0 0 0 0 0
35.0 35.67816091954023 7.4375 14.344827586206897 2 0 0 0 0 0
15.3125 54.804597701149426 5.6875 10.666666666666666 2 0 0 0 0 0
32.375 104.0919540229885 8.09375 14.71264367816092 2 0 0 0 0 0
62.125 97.83908045977012 8.09375 17.655172413793103 2 0 0 0 0 0
80.9375 104.0919540229885 8.96875 16.551724137931036 2 0 0 0 0 0
103.6875 57.01149425287356 8.3125 18.022988505747126 2 0 0 0 0 0
135.84375 33.47126436781609 7.65625 13.241379310344827 2 0 0 0 0 0
104.34375 43.40229885057471 3.5 7.35632183908046 2 0 0 0 0 0
202.125 52.96551724137931 4.8125 10.298850574712644 2 0 0 0 0 0
92.75 45.97701149425287 4.59375 9.931034482758621 2 0 0 0 0 0
